clusters_0
157.424 , 145.323
163.393 , 142.587
164.222 , 151.986
165.636 , 151.03
166.403 , 139.476
166.846 , 138.668
167.218 , 149.067
clusters_1
310.116 , 13.1009
316.026 , 14.448
323.041 , 11.9138
326.181 , 12.6659
326.389 , 3.81738
327.202 , 19.5166
327.625 , 9.71582
328.242 , 9.2128
328.406 , 11.8199
329.057 , 21.1489
329.867 , 5.72564
329.962 , 10.7318
330.688 , 3.79008
330.742 , 4.18702
331.657 , 12.4967
333.256 , 14.582
334.454 , 13.4107
clusters_2
443.677 , 43.1383
445.636 , 38.5527
448.216 , 43.6565
448.513 , 48.8495
448.768 , 40.7046
449.473 , 35.4715
450.474 , 42.8203
452.693 , 47.2048
457.152 , 57.9041
457.233 , 37.0149
457.964 , 53.0337
460.349 , 41.8091
461.765 , 45.8176
clusters_3
480.978 , 261.292
481.259 , 270.914
481.395 , 270.75
481.886 , 259.408
482.359 , 265.8
484.992 , 265.061
485.32 , 260.217
485.848 , 268.157
486.226 , 259.876
489.31 , 263.769
489.706 , 262.545
491.042 , 262.771
491.605 , 270.346
491.867 , 260.132
493.437 , 261.164
clusters_4
195.684 , 110.38
198.368 , 106.249
202.186 , 108.858
203.289 , 110.344
203.393 , 115.268
207.618 , 109.781
207.681 , 110.08
207.835 , 113.166
211.115 , 113.261
clusters_5
142.377 , 18.4497
142.846 , 22.0972
143.567 , 21.6013
145.451 , 19.1161
145.559 , 17.3619
146.208 , 16.3086
147.517 , 22.58
148.475 , 17.9833
148.681 , 18.1124
149.185 , 21.2693
149.738 , 19.9599
149.937 , 9.74182
clusters_6
346.909 , 1.74622
349.393 , 8.35489
350.395 , 1.87655
352.131 , 9.18197
354.558 , 2.84784
355.527 , 13.304
359.765 , 8.27992
361.672 , 0.689412
362.408 , 5.14756
364.398 , 4.26276
365.175 , 1.01684
365.902 , 0.616733
clusters_7
426.175 , 49.998
428.074 , 41.554
428.767 , 50.7611
428.974 , 51.4398
430.611 , 54.7175
430.984 , 36.7046
431.988 , 35.147
432.32 , 46.5487
434.33 , 39.7546
436.715 , 48.2814
437.288 , 47.4306
437.416 , 34.9063
438.143 , 50.6184
clusters_8
127.439 , 181.55
127.461 , 175.239
129.095 , 178.415
130.664 , 173.251
131.497 , 183.269
133.906 , 178.582
134.278 , 178.97
135.618 , 177.045
135.897 , 173.159
135.903 , 175.662
137.485 , 184.142
clusters_9
242.448 , 40.31
246.691 , 36.1711
248.598 , 44.1466
250.106 , 33.303
251.032 , 43.1508
251.106 , 53.8366
251.948 , 41.2378
254.617 , 35.0524
255.043 , 60.4777
256.537 , 52.6751
260.36 , 38.0079
clusters_10
47.5537 , 154.208
48.7304 , 158.375
49.329 , 148.363
50.379 , 157.807
51.4012 , 155.991
51.7794 , 154.239
53.0571 , 160.578
53.6207 , 146.383
54.2322 , 147.6
54.3168 , 151.919
54.3276 , 161.988
55.2405 , 160.356
55.8077 , 157.592
57.704 , 158.709
clusters_11
125.046 , 190.882
126.734 , 197.033
128.859 , 188.595
129.175 , 200.331
129.267 , 194.744
130.254 , 188.902
131.017 , 187.185
131.686 , 188.133
132.358 , 186.671
134.934 , 186.626
135.256 , 185.724
137.23 , 187.328
138.799 , 196.176
140.18 , 191.531
140.852 , 191.352
clusters_12
16.2975 , 191.467
3.45399 , 190.763
4.31677 , 194.614
4.47542 , 194.155
6.71335 , 191.378
7.40448 , 190.83
clusters_13
213.353 , 90.6464
213.756 , 91.3773
216.257 , 97.0201
216.515 , 93.316
218.292 , 93.9764
218.398 , 97.7414
218.557 , 90.5026
220.373 , 100.89
221.923 , 89.6966
222.835 , 84.1162
223.194 , 96.3613
223.608 , 95.3724
224 , 102.821
224.385 , 97.9561
225.791 , 95.2677
227.862 , 88.9653
229.132 , 94.4606
229.659 , 98.8754
231.073 , 94.6165
clusters_14
125.874 , 53.5898
128.123 , 50.2323
128.886 , 44.2019
129.399 , 53.2524
129.921 , 43.2116
129.977 , 48.7746
131.323 , 43.0384
131.607 , 47.5113
131.955 , 45.5262
133.057 , 51.6214
133.257 , 49.7865
134.763 , 49.5596
clusters_15
145.749 , 65.8084
146.866 , 59.779
147.212 , 60.4709
147.849 , 53.7809
148.891 , 65.0779
149.202 , 78.2029
150.253 , 61.5027
150.416 , 63.1954
150.495 , 56.9073
151.5 , 63.2417
151.794 , 60.299
152.284 , 61.4719
152.384 , 63.859
152.786 , 58.3382
153.841 , 72.7133
154.437 , 54.0277
154.584 , 52.6346
155.184 , 61.5363
155.371 , 69.7734
155.465 , 61.6084
155.766 , 58.7399
156.356 , 78.0902
156.402 , 74.9896
156.992 , 77.1613
157.046 , 56.8062
157.285 , 64.3189
157.543 , 52.2861
clusters_16
65.0182 , 238.344
65.5101 , 242.867
65.812 , 236.873
66.2492 , 241.773
67.0635 , 236.535
67.8946 , 229.435
69.3244 , 236.394
70.1104 , 240.034
70.2441 , 244.822
70.6028 , 241.921
70.8627 , 233.461
71.4945 , 232.615
73.5833 , 233.682
clusters_17
36.833 , 173.914
41.3957 , 169.422
43.6845 , 173.356
44.1679 , 172.301
44.4164 , 170.668
45.453 , 172.875
46.303 , 171.634
46.3265 , 169.884
48.4098 , 170.977
clusters_18
162.267 , 178.059
163.27 , 176.096
166.104 , 181.006
167.941 , 178.767
168.052 , 179.187
168.311 , 184.497
170.822 , 192.157
172.008 , 176.415
173.02 , 175.527
173.689 , 178.029
176.375 , 176.581
clusters_19
261.088 , 203.485
267.336 , 202.263
268.011 , 211.385
269.369 , 202.509
269.488 , 204.137
269.777 , 227.139
273.147 , 201.634
277.369 , 217.753
277.952 , 201.202
278.716 , 208.004
279.01 , 219.053
279.211 , 205.088
279.293 , 213.947
279.321 , 219.109
280.831 , 220.691
282.129 , 225.716
283.163 , 218.992
clusters_20
201.557 , 263.328
202.808 , 263.552
208.473 , 266.986
214.308 , 262.959
216.182 , 264.183
217.896 , 268.191
clusters_21
403.947 , 46.6451
407.2 , 40.126
407.512 , 50.0345
409.643 , 43.8173
410.171 , 49.0921
410.582 , 47.2605
411.735 , 46.4728
412.21 , 48.1025
clusters_22
362.427 , 287.929
363.745 , 289.283
364.436 , 272.004
364.781 , 290.86
365.679 , 267.796
366.522 , 279.752
368.008 , 283.657
371.092 , 293.76
371.404 , 272.31
372.78 , 282.18
372.825 , 277.998
376.188 , 285.133
377.61 , 276.041
377.89 , 285.216
379.713 , 284.414
380.702 , 284.918
clusters_23
65.9107 , 279.257
65.9257 , 281.515
66.1865 , 274.167
66.206 , 282.986
66.6132 , 274.713
66.8807 , 279.814
66.9485 , 275.128
67.0347 , 284.751
67.4081 , 277.964
69.122 , 278.021
69.6821 , 285.96
70.0092 , 280.313
70.0592 , 273.358
70.5582 , 281.101
71.5274 , 274.244
71.5559 , 273.045
71.986 , 271.244
71.9982 , 271.181
72.0082 , 273.426
72.0959 , 271.851
74.1961 , 284.777
75.5239 , 274.93
75.787 , 276.905
clusters_24
101.974 , 145.654
103.528 , 108.135
104.556 , 131.192
106.512 , 116.426
clusters_25
324.686 , 184.922
325.975 , 176.518
327.985 , 180.553
328.157 , 183.377
329.111 , 178.711
330.307 , 187.571
331.365 , 177.327
331.396 , 179.647
334.051 , 176.388
335.877 , 184.915
336.416 , 176.758
337.308 , 192.884
337.565 , 190.175
clusters_26
468.217 , 238.423
468.389 , 239.877
473.106 , 243.602
473.132 , 245.937
475.372 , 238.459
476.545 , 249.675
478.621 , 236.886
478.786 , 245.607
479.517 , 242.269
481.162 , 239.17
482.167 , 244.422
482.903 , 244.121
clusters_27
48.2391 , 176.546
50.9918 , 175.053
51.3939 , 185.102
51.8009 , 178.587
52.0842 , 180.84
52.3964 , 179.019
54.3702 , 175.748
56.1708 , 180.341
56.6613 , 180.28
clusters_28
1.36641 , 11.4231
1.4675 , 11.0078
1.54096 , 16.5269
16.4382 , 9.48634
29.8169 , 2.77617
clusters_29
160.161 , 217.988
164.454 , 202.693
166.658 , 198.053
167.272 , 215.57
167.505 , 210.928
171.412 , 214.033
171.468 , 194.819
174.208 , 219.715
175.664 , 218.168
176.108 , 215.891
176.333 , 198.961
176.46 , 204.486
176.914 , 199.058
177.634 , 195.804
177.739 , 213.243
178.243 , 200.758
178.296 , 207.926
179.318 , 195.82
179.656 , 211.606
179.828 , 201.818
179.929 , 209.943
182.185 , 214.02
182.378 , 208.274
182.775 , 211.592
183.389 , 207.136
183.467 , 208.584
187.072 , 217.925
clusters_30
358.478 , 59.4625
360.313 , 64.8242
362.673 , 57.4426
365.362 , 58.6057
365.439 , 57.5014
clusters_31
172.365 , 165.252
172.813 , 169.548
175.646 , 161.094
176.32 , 163.59
176.832 , 160.785
178.646 , 166.979
182.406 , 167.133
clusters_32
359.934 , 81.3149
361.371 , 71.1992
365.52 , 65.3938
366.784 , 69.2996
367.215 , 71.9848
367.486 , 64.2173
368.542 , 69.9146
372.869 , 67.984
373.52 , 73.9579
clusters_33
487.694 , 20.7451
488.002 , 21.3075
488.138 , 15.07
488.506 , 20.3634
488.765 , 14.9582
491.429 , 23.7952
491.784 , 20.5618
491.837 , 10.9814
491.914 , 12.7008
492.494 , 14.8037
493.382 , 14.048
495.808 , 19.3348
497.098 , 8.83948
499.487 , 17.5047
500.086 , 20.3655
500.728 , 9.36516
502.172 , 14.8612
502.187 , 29.5939
502.236 , 16.6289
502.39 , 21.0251
503.136 , 30.2658
clusters_34
331.778 , 84.3294
333.687 , 82.3971
335.65 , 78.6594
335.931 , 91.0269
337.12 , 78.4757
337.661 , 82.7038
338.332 , 85.6729
339.673 , 86.5537
343.685 , 88.0147
346.345 , 96.1744
clusters_35
415.431 , 80.1112
416.48 , 80.9012
418.557 , 78.6552
421.186 , 85.1136
422.097 , 82.9994
423.738 , 80.1317
424.259 , 84.7802
425.655 , 83.8472
426.332 , 83.2437
426.345 , 91.3827
427.968 , 90.9219
429.206 , 84.188
430.854 , 81.056
clusters_36
443.033 , 115.579
446.668 , 109.213
449.033 , 104.805
450.154 , 111.625
450.789 , 118.703
450.86 , 106.297
455.055 , 115.372
455.101 , 112.581
455.205 , 101.438
455.876 , 119.555
457.87 , 107.072
459.999 , 117.612
460.021 , 112.824
462.675 , 115.259
464.26 , 90.6956
466.549 , 109.151
466.915 , 108.841
467.742 , 96.2873
468.232 , 105.108
469.642 , 105.377
469.931 , 107.835
470.053 , 93.0287
470.233 , 94.9054
470.54 , 110.5
470.643 , 102.023
clusters_37
62.6514 , 170.005
63.908 , 173.283
64.2114 , 171.02
64.3626 , 168.249
66.5592 , 170.749
68.5337 , 176.049
74.0133 , 170.887
clusters_38
13.1309 , 63.8157
15.3806 , 42.5268
15.7473 , 57.1389
15.9835 , 50.8342
16.6857 , 42.4154
17.7676 , 43.0054
18.0528 , 50.3253
6.25388 , 42.6698
1.52 , 42.41
clusters_39
318.781 , 284.069
321.368 , 272.095
322.321 , 284.123
322.466 , 270.125
326.152 , 286.005
328.94 , 272.904
329.327 , 287.255
329.593 , 272.422
334.102 , 274.412
336.46 , 277.682
337.754 , 270.727
338.04 , 270.712
clusters_40
41.9967 , 159.905
42.2478 , 157.729
46.5066 , 161.939
47.0925 , 163.664
48.12 , 161.89
48.9075 , 168.652
50.5038 , 169.45
50.9631 , 165.99
clusters_41
376.977 , 48.9889
377.555 , 44.709
378.059 , 41.0783
378.374 , 41.4542
380.792 , 48.0691
380.808 , 52.3697
381.285 , 45.5429
381.889 , 38.7992
382.227 , 48.7445
382.459 , 36.6273
383.325 , 39.8623
384.08 , 44.5539
385.391 , 45.259
387.431 , 45.6773
387.802 , 46.3271
clusters_42
129.36 , 266.194
129.407 , 267.947
130.468 , 275.7
130.769 , 276.35
132.011 , 277.944
137.959 , 272.182
144.234 , 273.647
144.551 , 269.284
149.522 , 269.384
150.126 , 271.945
150.678 , 269.734
clusters_43
464.306 , 51.3638
465.024 , 57.0028
466.518 , 52.5382
467.009 , 35.1175
467.938 , 37.8694
469.264 , 54.8098
469.724 , 48.0372
470.308 , 48.7156
471.833 , 60.3631
472.562 , 41.628
473.932 , 58.9481
474.222 , 51.4918
475.763 , 49.5346
475.773 , 41.5673
476.982 , 42.6563
477.466 , 56.3868
477.523 , 49.1499
480.521 , 57.0541
clusters_44
151.107 , 177.965
151.306 , 173.585
152.057 , 180.442
152.318 , 178.109
152.432 , 174.564
153.732 , 180.076
155.378 , 173.056
155.578 , 174.053
157.382 , 175.036
159.797 , 174.984
clusters_45
55.0833 , 231.485
55.2756 , 230.001
55.4298 , 243.146
57.1725 , 232.995
58.6852 , 235.794
61.2104 , 238.897
64.0179 , 228.31
clusters_46
147.494 , 164.218
148.999 , 157.929
151.551 , 160.359
153.175 , 161.053
clusters_47
182.314 , 88.8814
186.001 , 88.3336
187.595 , 86.5506
187.799 , 76.8193
188.835 , 79.5238
189.074 , 91.3006
190.512 , 84.9236
190.681 , 77.9732
clusters_48
214.549 , 118.533
217.332 , 119.997
217.585 , 121.649
218.915 , 111.65
219.432 , 113.974
223.356 , 113.814
223.409 , 106.949
224.12 , 114.962
231.197 , 116.425
234.653 , 110.338
235.985 , 117.415
clusters_49
43.2331 , 184.748
43.433 , 181.989
44.579 , 182.966
46.093 , 180.726
clusters_50
422.587 , 185.631
427.145 , 179.52
429.927 , 182.108
430.54 , 194.8
430.878 , 192.071
432.922 , 183.786
435.209 , 193.587
435.299 , 195.537
436.079 , 193.274
437.104 , 187.31
440.973 , 191.462
clusters_51
41.1565 , 46.9287
45.1083 , 45.3699
49.7192 , 54.5317
54.3277 , 48.5577
58.976 , 54.4285
66.1383 , 57.2102
71.0506 , 39.4246
74.5443 , 43.0519
clusters_52
327.402 , 67.5748
329.709 , 65.413
329.835 , 73.7241
333.214 , 67.7893
337.052 , 73.6753
337.412 , 75.0549
338.185 , 69.5597
339.345 , 69.9661
339.566 , 72.662
341.128 , 73.1248
341.151 , 71.9751
341.425 , 63.1599
341.751 , 71.3611
clusters_53
175.176 , 279.208
175.741 , 266.173
175.89 , 262.374
176.733 , 275.332
178.759 , 282.374
179.697 , 282.458
180.618 , 274.775
182.83 , 266.18
183.91 , 278.641
184.617 , 266.936
184.636 , 271.232
185.207 , 287.331
186.976 , 285.698
187.523 , 273.698
187.752 , 274.899
187.805 , 283.971
188.16 , 271.635
190.449 , 274.897
191.8 , 266.472
192.67 , 274.777
193.505 , 271.972
clusters_54
477.653 , 153.024
478.461 , 162.805
478.679 , 158.266
478.818 , 166.67
478.839 , 157.004
479.069 , 154.996
480.819 , 165.399
481.129 , 151.819
481.229 , 155.271
482.48 , 150.972
483.29 , 156.73
483.875 , 169.542
484.9 , 157.191
486.016 , 162.482
486.212 , 163.925
487.117 , 163.815
489.94 , 150.937
clusters_55
405.976 , 183.108
406.626 , 184.045
407.418 , 187.233
408.5 , 186.83
410.026 , 187.034
411.504 , 174.146
412.159 , 180.511
412.849 , 189.627
414.254 , 186.056
417.296 , 181.058
417.684 , 175.408
clusters_56
199.997 , 275.939
200.404 , 281.997
202.593 , 282.968
205.528 , 283.395
205.549 , 277.515
205.836 , 277.489
207.032 , 281.329
207.041 , 279.484
209.363 , 281.618
209.492 , 277.326
210.128 , 272.9
210.578 , 273.063
212.161 , 283.466
213.966 , 282.677
clusters_57
160.39 , 165.98
160.753 , 163
161.533 , 164.131
163.286 , 167.261
164.043 , 170.406
164.206 , 161.869
167.39 , 159.061
167.701 , 161.197
168.305 , 159.578
169.042 , 161.243
clusters_58
438.717 , 9.08921
442.852 , 5.22532
445.997 , 16.5309
446.699 , 7.63818
452.576 , 5.76779
clusters_59
135.158 , 42.27
136.862 , 40.7958
138.714 , 40.5357
138.775 , 40.0439
140.898 , 46.5544
141.714 , 45.9416
142.342 , 45.6973
142.685 , 43.4272
145.171 , 47.1474
145.188 , 47.6797
146.962 , 52.4534
clusters_60
427.727 , 221.541
429.552 , 216.366
431.903 , 215.313
433.903 , 207.2
434.4 , 217.169
434.938 , 205.957
436.356 , 202.006
436.627 , 209.828
436.821 , 214.515
437.362 , 210.993
440.905 , 219.108
443.367 , 210.69
446.961 , 211.831
447.272 , 209.947
448.656 , 208.38
449.961 , 209.521
451.416 , 222.076
clusters_61
172.825 , 151.223
174.237 , 144.704
174.592 , 153.276
174.692 , 148.319
175.213 , 147.332
175.225 , 153.635
176.227 , 145.941
179.777 , 146.971
183.121 , 154.362
184.83 , 157.415
clusters_62
221.843 , 59.5674
222.499 , 55.1584
230.867 , 45.7224
230.874 , 40.3292
234.842 , 43.0641
234.969 , 42.2141
236.158 , 49.5483
237.673 , 42.616
239.384 , 60.5946
239.618 , 42.759
240.348 , 57.0196
240.702 , 56.3685
242.357 , 62.4058
clusters_63
468.239 , 141.889
470.303 , 142.609
472.887 , 142.826
473.107 , 141.629
473.197 , 142.49
476.331 , 140.031
476.48 , 148.056
476.635 , 149.408
477.187 , 137.49
478.791 , 147.465
479.039 , 146.142
479.045 , 148.619
479.079 , 140.573
479.17 , 141.015
479.357 , 145.766
481.106 , 148.303
481.981 , 149.602
485.415 , 146.63
486.063 , 144.387
488.921 , 134.58
clusters_64
229.684 , 30.1146
231.281 , 28.8844
233.829 , 18.6673
234.545 , 27.4431
234.891 , 31.5403
235.159 , 16.6202
236.483 , 18.5939
236.955 , 24.4088
238.33 , 24.7549
239.215 , 36.9293
239.682 , 17.2854
240.817 , 30.3824
243.125 , 26.6097
244.256 , 27.1521
clusters_65
128.768 , 30.5338
129.609 , 26.5415
130.988 , 29.1227
132.606 , 27.7339
133.384 , 29.0932
134.304 , 24.7418
135.067 , 28.8907
clusters_66
66.7579 , 193.211
70.0817 , 194.036
clusters_67
181.765 , 195.867
182.388 , 197.323
184.489 , 194.372
185.336 , 200.464
185.574 , 195.529
188.23 , 194.949
188.928 , 200.561
190.383 , 197.101
191.462 , 195.806
191.531 , 216.322
192.376 , 195.538
193.144 , 216.845
193.362 , 194.827
193.793 , 202.562
195.382 , 220.087
195.693 , 208.232
195.922 , 196.154
196.202 , 204.461
196.5 , 193.309
196.996 , 204.589
197.629 , 217.432
198.584 , 208.792
199.048 , 188.501
200.06 , 210.314
200.85 , 204.997
201.808 , 202.672
clusters_68
396.614 , 186.834
399.819 , 181.172
400.827 , 182.698
402.443 , 197.634
402.726 , 179.959
402.748 , 185.025
clusters_69
72.3677 , 195.092
72.7915 , 192.003
clusters_70
59.9576 , 185.762
63.3789 , 184.048
63.9324 , 185.958
64.2014 , 186.829
65.5259 , 185.09
clusters_71
177.628 , 189.45
178.508 , 186.313
180.349 , 187.011
181.06 , 183.653
181.779 , 192.613
183.451 , 188.02
183.726 , 182.665
185.283 , 186.247
185.995 , 183.879
186.052 , 182.043
189.436 , 173.713
190.791 , 171.572
192.094 , 169.77
196.285 , 178.01
clusters_72
35.9909 , 136.769
40.0963 , 132.102
41.2768 , 125.344
42.2117 , 141.877
42.3257 , 133.434
46.6778 , 134.084
clusters_73
142.167 , 188.461
145.3 , 183.619
145.323 , 184.198
145.527 , 189.308
146.545 , 192.297
147.673 , 184.976
147.768 , 182.107
148.908 , 184.276
148.943 , 181.945
150.086 , 190.756
152.04 , 189.972
154.969 , 184.482
clusters_74
475.361 , 292.617
477.006 , 286.303
479.507 , 293.74
480.406 , 284.339
480.7 , 280.594
481.047 , 287.704
482.223 , 289.066
485.666 , 285.382
489.019 , 283.216
489.503 , 287.036
489.737 , 277.521
489.817 , 276.033
489.949 , 275.342
490.011 , 279.044
490.695 , 278.016
491.117 , 277.833
491.416 , 274.242
491.447 , 290.093
491.722 , 285.362
491.836 , 285.92
492.744 , 279.087
493.089 , 278.706
clusters_75
35.4792 , 238.742
37.5777 , 239.396
37.8619 , 240.711
39.6579 , 243.835
43.9738 , 246.805
46.7104 , 233.654
49.5513 , 242.825
49.5941 , 236.286
51.1431 , 244.828
clusters_76
281.964 , 199.563
283.133 , 197.571
288.238 , 207.576
292.976 , 208.078
293.024 , 202.991
293.976 , 208.497
299.484 , 201.502
clusters_77
285.907 , 219.421
286.567 , 221.421
290.41 , 223.114
290.716 , 230.402
293.297 , 213.732
294.684 , 222.06
299.677 , 216.737
300.911 , 216.172
301.645 , 225.469
304.25 , 221.527
308.226 , 214.218
309.911 , 218.128
clusters_78
11.9373 , 88.6851
13.2741 , 92.9471
15.5295 , 90.6121
21.6889 , 92.7344
22.9575 , 93.9852
27.7068 , 93.3689
30.5523 , 94.6405
31.3197 , 87.9904
32.3751 , 86.6877
clusters_79
391.985 , 90.5151
396.41 , 90.5116
398.012 , 88.9879
400.804 , 81.4816
402.079 , 93.048
403.037 , 96.1298
403.651 , 87.1854
403.682 , 85.8845
405.401 , 97.2868
406.896 , 90.5138
407.114 , 85.9877
408.489 , 87.2651
clusters_80
286.063 , 79.131
288.036 , 79.6499
289.086 , 80.6432
289.96 , 84.4617
290.145 , 80.8743
291.536 , 89.8303
291.619 , 79.7625
292.215 , 80.5063
292.295 , 87.478
292.924 , 89.2388
293.65 , 73.9336
293.914 , 76.0216
295.248 , 80.6702
296.323 , 81.9574
297.861 , 79.9337
298.083 , 78.9523
clusters_81
451.138 , 155.958
460.188 , 143.107
463.403 , 153.774
464.501 , 157.37
465.969 , 151.157
466.502 , 167.282
466.534 , 148.867
467.894 , 153.546
468.578 , 151.072
470.398 , 158.392
471.19 , 161.256
471.359 , 160.228
472.202 , 152.468
clusters_82
70.9865 , 184.029
72.6866 , 183.223
72.7719 , 184.367
75.0504 , 188.694
clusters_83
72.7895 , 159.334
73.9322 , 164.785
75.029 , 154.072
clusters_84
175.792 , 137.423
178.007 , 138.511
180.488 , 133.734
182.274 , 135.587
184.219 , 144.246
186.452 , 147.991
188.994 , 146.978
192.51 , 139.846
clusters_85
18.2611 , 113.363
21.9264 , 107.888
28.3963 , 105.472
33.3332 , 104.548
clusters_86
64.7673 , 192.175
65.8447 , 192.964
66.5667 , 189.57
66.7331 , 190.56
67.6697 , 186.921
clusters_87
215.988 , 275.348
216.048 , 278.949
218.416 , 274.093
221.455 , 275.615
221.672 , 279.14
221.802 , 277.889
223.305 , 270.105
223.31 , 277.594
223.358 , 272.94
227.034 , 279.912
clusters_88
37.1279 , 297.222
39.273 , 289.423
39.6191 , 287.426
41.2066 , 285.85
41.2239 , 297.019
41.509 , 292.841
42.6515 , 290.973
45.8019 , 298.252
45.8858 , 286.387
49.2011 , 290.048
clusters_89
443.398 , 27.6597
446.779 , 19.4919
446.973 , 26.9366
447.278 , 22.8964
449.048 , 27.0262
449.436 , 24.562
451.395 , 30.3273
451.471 , 22.3015
454.515 , 23.6964
455.511 , 21.4461
460.651 , 22.3139
461.585 , 29.3783
465.157 , 28.2156
clusters_90
270.18 , 162.686
270.81 , 171.433
274.017 , 168.348
275.771 , 170.781
278.996 , 161.903
280.035 , 159.796
280.393 , 169.288
283.29 , 171.61
283.867 , 175.797
284.139 , 156.744
285.057 , 177.706
286.244 , 182.265
286.747 , 177.43
286.96 , 163.109
288.02 , 181.703
288.343 , 159.396
288.678 , 175.478
289.241 , 167.981
290.943 , 176.968
291.753 , 164.505
297.907 , 168.428
302.175 , 163.204
clusters_91
53.5246 , 167.715
54.142 , 167.534
56.879 , 168.533
57.5563 , 174.517
57.8831 , 163.618
57.9833 , 172.585
58.211 , 167.807
58.6017 , 163.851
59.0523 , 175.057
60.0855 , 169.584
clusters_92
318.517 , 206.505
318.593 , 217.947
320.467 , 201.513
320.517 , 212.596
324.519 , 203.765
327.508 , 204.33
clusters_93
278.688 , 64.6527
279.676 , 73.2678
281.762 , 74.6936
284.676 , 62.3372
286.038 , 68.3784
286.697 , 74.1525
286.982 , 66.8072
288.277 , 72.4706
288.923 , 62.8139
289.541 , 64.4448
290.132 , 70.0091
291.073 , 73.3695
291.481 , 65.5972
293.327 , 72.7504
294.699 , 69.0291
clusters_94
55.0822 , 192.079
59.4045 , 191.396
clusters_95
314.525 , 87.3481
316.581 , 88.2067
318.168 , 84.0187
318.862 , 83.4071
320.966 , 81.2882
324.052 , 83.4219
325.356 , 85.8018
325.937 , 83.4438
326.19 , 86.8624
326.676 , 80.699
327.685 , 79.8875
329.597 , 80.0546
330.219 , 78.671
330.63 , 81.3042
clusters_96
372.711 , 64.7951
374.29 , 55.8768
374.588 , 66.4954
375.019 , 56.3865
375.854 , 59.1323
376.332 , 59.4696
377.8 , 55.8177
379.471 , 57.4802
380.636 , 60.4832
381.208 , 56.862
381.994 , 62.2918
clusters_97
128.975 , 18.5371
130.51 , 17.0412
131.071 , 22.5303
132.132 , 22.5901
133.428 , 19.6602
133.715 , 22.6291
134.989 , 18.174
135.229 , 23.7206
135.965 , 13.5535
137.037 , 14.3447
137.276 , 14.8101
clusters_98
157.256 , 294.22
157.448 , 283.131
159.629 , 287.335
160.433 , 266.807
162.257 , 288.025
164.026 , 288.62
164.421 , 280.67
165.163 , 279.019
165.585 , 285.487
166.261 , 282.178
167.958 , 292.19
169.297 , 285.776
170.481 , 285.757
171.593 , 291.79
175.284 , 288.976
clusters_99
138.891 , 183.057
140.042 , 178.956
140.063 , 180.983
143.263 , 172.67
145.049 , 173.428
145.883 , 179.872
146.507 , 179.403
146.632 , 179.307
147.222 , 173.673
clusters_100
188.668 , 123.816
190.796 , 120.748
191.374 , 113.867
192.222 , 114.371
194.005 , 115.99
196.744 , 125.576
197.276 , 115.815
197.43 , 122.118
199.253 , 119.297
200.112 , 117.148
202.035 , 116.997
202.407 , 121.877
204.537 , 118.556
206.686 , 119.162
210.627 , 121.479
clusters_101
425.524 , 149.847
427.48 , 130.901
427.781 , 137.876
428.807 , 141.003
429.895 , 136.54
430.14 , 138.774
430.215 , 135.668
430.888 , 134.999
432.657 , 137.575
432.909 , 143.742
434.381 , 120.738
434.644 , 131.075
436.607 , 138.189
436.768 , 131.603
436.793 , 153.662
436.795 , 131.757
437.125 , 143.794
437.156 , 135.3
438.2 , 120.199
438.458 , 126.011
439.509 , 155.151
439.906 , 147.48
440.755 , 124.23
441.577 , 136.127
441.873 , 153.227
443.114 , 132.968
445.175 , 132.182
445.784 , 134.847
446.08 , 123.502
446.261 , 147.548
446.362 , 138.45
447.243 , 129.964
447.288 , 145.368
447.456 , 119.96
449.747 , 139.925
450.817 , 139.53
451.082 , 140.551
451.881 , 127.667
452.025 , 129.008
452.965 , 127.41
453.287 , 133.739
454.144 , 135.358
455.083 , 138.43
clusters_102
466.734 , 0.610334
467.403 , 4.13142
468.132 , 2.48284
471.794 , 16.6976
472.854 , 11.8668
473.441 , 13.3489
473.458 , 14.8136
473.888 , 4.33028
476.361 , 4.28461
476.736 , 11.394
476.993 , 10.2321
477.473 , 1.35409
477.595 , 17.1209
478.251 , 16.6711
479.223 , 4.21285
480.195 , 7.74155
481.011 , 0.194963
482.688 , 14.9709
483.206 , 4.4391
483.67 , 12.0968
485.201 , 14.0101
490.116 , 3.2995
clusters_103
399.604 , 59.0129
400.417 , 54.2981
405.502 , 56.9103
407.047 , 58.9896
clusters_104
129.334 , 292.325
130.301 , 290.829
132.143 , 292.291
135.262 , 284.548
138.001 , 287.616
138.2 , 286.675
140.432 , 295.023
142.878 , 292.268
clusters_105
13.3742 , 199.673
14.318 , 203.11
16.399 , 200.675
17.007 , 201.631
17.2145 , 202.485
18.4609 , 197.947
18.7097 , 198.861
20.2232 , 201.534
20.6167 , 195.681
21.8796 , 208.035
22.6396 , 208.693
23.884 , 200.163
24.3597 , 210.236
25.4483 , 208.181
27.3849 , 203.655
clusters_106
296.317 , 181.354
302.194 , 192.711
303.464 , 190.546
306.554 , 195.856
313.089 , 173.696
313.093 , 191.925
313.97 , 186.987
314.5 , 187.884
314.606 , 188.995
314.85 , 188.23
318.906 , 183.547
clusters_107
165.554 , 92.9603
168.416 , 102.256
176.69 , 113.192
177.214 , 117.352
177.477 , 96.9317
177.787 , 104.538
178.781 , 104.584
182.085 , 97.4324
186.774 , 103.149
187.943 , 99.9635
188.13 , 101.75
188.232 , 108.216
191.606 , 106.928
193.141 , 104.174
clusters_108
379.146 , 67.6246
379.192 , 69.5974
379.812 , 66.6735
381.145 , 65.9084
381.468 , 74.5233
382.605 , 77.5907
385.135 , 73.4092
385.152 , 66.0138
386.148 , 72.6713
386.148 , 71.549
386.963 , 68.8658
clusters_109
129.862 , 56.7015
130.528 , 56.6923
130.637 , 55.8495
132.639 , 70.7779
133.753 , 54.0871
134.356 , 66.8118
134.964 , 57.4932
135.476 , 59.1237
135.609 , 56.7994
135.975 , 55.8672
136.561 , 65.136
137.576 , 55.9651
137.881 , 74.4621
138.58 , 56.2048
138.74 , 55.3523
138.803 , 55.8698
138.825 , 63.3845
139.037 , 53.0848
139.537 , 54.7895
142.955 , 67.3232
143.099 , 67.2754
144.306 , 54.4649
clusters_110
24.5874 , 151.213
25.0743 , 146.545
30.3168 , 159.906
32.52 , 144.632
33.1377 , 158.792
34.751 , 144.785
34.7752 , 144.875
39.1105 , 146.958
40.6957 , 151.137
41.392 , 152.026
45.3672 , 146.446
clusters_111
38.0164 , 15.2732
38.2712 , 3.42211
45.8542 , 34.3454
46.603 , 23.5575
48.3515 , 37.0077
48.8139 , 28.8092
49.5823 , 32.2347
54.8981 , 27.6318
clusters_112
454.985 , 126.388
455.975 , 127.598
456.1 , 126.317
462.325 , 136.689
463.097 , 118.682
463.257 , 130.429
465.314 , 139.649
468.357 , 128.296
472.339 , 127.32
472.968 , 120.5
474.405 , 134.377
474.596 , 123.844
476.091 , 123.736
480.894 , 128.151
483.501 , 128.603
483.668 , 125.598
clusters_113
286.98 , 55.6368
287.639 , 53.442
292.187 , 53.7982
292.367 , 56.3648
292.741 , 59.2742
296.787 , 59.668
296.821 , 57.1672
297.999 , 65.0895
298.35 , 52.5315
298.837 , 56.6017
299.068 , 53.4591
299.873 , 57.9098
300.907 , 57.6054
302.231 , 56.6119
304.526 , 58.1676
305.495 , 53.1211
clusters_114
297.081 , 91.6394
299.38 , 93.1237
300.29 , 91.6792
300.611 , 89.6948
300.677 , 86.0418
301.744 , 83.1012
302.797 , 81.2891
303.282 , 81.9498
304.371 , 80.4167
306.346 , 81.1233
308.009 , 90.1557
308.119 , 89.2176
308.454 , 90.9906
clusters_115
139.841 , 200.778
139.985 , 202.857
142.76 , 203.325
143.573 , 196.758
144.205 , 197.955
147.083 , 197.827
147.486 , 196.193
148.058 , 198.13
148.49 , 194.58
148.62 , 203.86
149.952 , 203.708
153.971 , 207.599
154.022 , 203.306
155.346 , 193.35
156.08 , 211.21
162.25 , 197.944
clusters_116
142.445 , 282.691
142.458 , 286.78
143.892 , 286.145
143.991 , 291.912
144.01 , 286.807
144.723 , 291.753
145.857 , 285.923
147.196 , 286.786
150.16 , 286.531
150.636 , 276.923
150.666 , 292.706
151.077 , 281.066
151.869 , 279.292
153.514 , 278.717
154.224 , 273.571
154.46 , 293.079
clusters_117
33.9798 , 65.1522
36.2388 , 74.5994
37.4733 , 72.4304
38.8124 , 82.775
41.1023 , 80.3255
47.3949 , 72.0771
49.4469 , 81.3179
clusters_118
39.2698 , 262.813
40.4402 , 260.019
40.9383 , 253.137
42.7686 , 267.609
43.4237 , 258.664
46.4658 , 260.83
46.6136 , 254.682
47.0382 , 256.912
48.2722 , 255.207
48.5534 , 262.749
clusters_119
466.762 , 267.796
467.227 , 276.616
467.468 , 273.919
467.798 , 269.061
468.014 , 291.785
468.286 , 286.944
469.54 , 276.587
469.846 , 279.576
469.855 , 280.868
472.526 , 281.415
474.536 , 276.54
477.536 , 271.826
478.483 , 270.666
478.748 , 279.299
clusters_120
147.257 , 26.0229
147.469 , 32.7271
148.284 , 30.929
148.312 , 29.2989
150.739 , 22.7849
151.771 , 25.2261
153.757 , 30.4907
154.009 , 30.279
clusters_121
411.929 , 82.2417
414.43 , 89.9085
415.406 , 88.3542
415.521 , 92.1768
416.136 , 93.7159
417.952 , 88.7913
418.427 , 90.4841
419.149 , 95.2283
420.105 , 88.0759
clusters_122
210.187 , 102.096
210.189 , 103.868
211.673 , 103.584
211.905 , 105.285
212.074 , 102.689
212.123 , 104.2
212.465 , 111.35
213.447 , 109.815
213.882 , 111.314
214.801 , 106.504
215.506 , 98.3707
215.626 , 107.969
215.926 , 99.8303
219.965 , 103.212
221.216 , 105.674
222.182 , 105.488
clusters_123
52.5651 , 143.152
54.7052 , 138.938
58.2895 , 147.628
59.976 , 140.817
62.8135 , 138.718
65.3012 , 142.405
66.5828 , 149.31
66.6017 , 146.66
66.8748 , 150.821
68.6871 , 135.473
69.9523 , 143.677
71.5535 , 139.418
73.0006 , 147.928
clusters_124
406.281 , 274.226
406.516 , 268.832
407.35 , 273.096
407.403 , 275.21
408.604 , 274.33
411.543 , 274.031
414.099 , 274.039
clusters_125
367.873 , 92.3448
371.215 , 82.5121
372.281 , 87.1117
374.378 , 81.1645
375.122 , 78.0337
375.281 , 86.9297
377.147 , 91.1914
380.425 , 88.9324
385.525 , 85.837
385.668 , 91.9738
387.184 , 87.3627
clusters_126
340.153 , 286.94
341.557 , 276.578
342.073 , 280.302
344.392 , 270.384
346.624 , 278.158
347.407 , 286.958
350.759 , 291.125
351.334 , 279.775
352.183 , 273.221
355.558 , 285.814
355.605 , 294.321
356.013 , 291.942
clusters_127
401.308 , 220.994
402.144 , 209.554
405.229 , 230.146
405.859 , 232.099
405.874 , 219.062
409.724 , 210.768
410.276 , 210.034
411.721 , 212.162
412.152 , 222.758
419.149 , 214.757
clusters_128
333.033 , 24.6025
333.523 , 21.9374
333.753 , 20.334
336.258 , 15.6751
337.359 , 24.1677
338.301 , 3.21
340.12 , 22.674
340.126 , 5.37662
340.494 , 26.1012
341.722 , 9.8217
341.741 , 0.710648
341.814 , 21.5793
342.997 , 25.8443
344.018 , 6.8514
344.241 , 4.92709
344.28 , 10.5604
345.47 , 15.2311
345.529 , 22.4047
345.614 , 4.14614
346.307 , 13.4762
347.168 , 23.415
347.429 , 11.4402
348.357 , 15.3314
349.18 , 15.0868
349.684 , 13.8468
350.94 , 15.4817
351.992 , 14.8201
352.742 , 17.4197
clusters_129
377.807 , 197.214
382.725 , 194.402
392.239 , 192.112
396.787 , 199.432
clusters_130
319.653 , 196.988
321.688 , 186.705
321.785 , 188.448
321.869 , 192.551
322.263 , 192.956
322.659 , 189.784
323.386 , 196.773
325.765 , 189.418
326.589 , 200.29
328.464 , 192.496
331.827 , 197.622
clusters_131
208.407 , 8.82173
211.307 , 13.6866
211.965 , 9.31325
213.833 , 16.1955
215.356 , 14.5419
216.684 , 1.30191
216.923 , 14.2235
218.17 , 20.3617
218.634 , 15.1104
220.243 , 24.4047
222.454 , 8.67145
222.672 , 11.9327
223.695 , 4.06013
224.764 , 2.53334
229.502 , 10.2609
clusters_132
484.722 , 40.3269
484.869 , 38.5516
485.377 , 57.5164
485.945 , 47.0754
489.817 , 38.5283
492.179 , 56.803
493.267 , 37.5222
493.518 , 56.1886
493.95 , 38.8415
495.695 , 49.6779
495.701 , 54.398
495.701 , 61.7573
497.395 , 43.0833
497.409 , 37.8953
501.132 , 50.6257
501.54 , 53.2865
clusters_133
361.705 , 39.7079
363.573 , 39.2224
364.134 , 41.9364
364.19 , 37.418
364.657 , 37.1999
366.142 , 32.9368
367.638 , 35.8826
368.54 , 32.9018
372.174 , 35.4816
373.276 , 39.8796
375.46 , 38.1693
376.322 , 36.7099
clusters_134
392.222 , 49.5097
393.965 , 53.6096
394.027 , 46.9322
394.092 , 47.8472
394.158 , 53.5587
394.3 , 49.2076
394.355 , 49.9038
395.478 , 54.7627
396.668 , 50.0031
400.013 , 47.5548
401.086 , 48.7594
clusters_135
410.593 , 287.702
414.039 , 291.192
414.791 , 292.098
415.229 , 284.757
416.399 , 281.33
416.613 , 277.085
417.782 , 280.438
419.8 , 280.178
420.317 , 275.72
420.892 , 287.635
421.451 , 276.185
423.039 , 291.477
424.048 , 285.958
425.219 , 275.67
426.08 , 283.039
426.337 , 284.251
428.305 , 294.929
clusters_136
388.66 , 78.5399
389.879 , 80.5128
391.515 , 73.7777
392.367 , 78.9656
393.252 , 77.2254
395.086 , 77.2432
396.987 , 76.2116
400.655 , 77.6208
clusters_137
201.03 , 44.9632
202 , 42.0164
203.22 , 47.846
203.293 , 55.0547
206.336 , 39.6422
210.043 , 34.4601
210.636 , 33.3577
210.686 , 45.0137
210.925 , 43.1095
212.181 , 36.4053
213.775 , 36.6927
214.657 , 41.3819
215.039 , 47.9504
215.806 , 49.5552
216.72 , 57.5275
217.379 , 39.9166
217.687 , 37.9912
219.224 , 48.8196
220.385 , 39.0178
221.621 , 44.8795
221.731 , 31.0371
222.134 , 34.3909
clusters_138
313.694 , 57.24
314.512 , 50.5232
317.145 , 67.2488
318.164 , 57.795
318.608 , 56.4618
320.351 , 59.0194
320.724 , 67.057
322.785 , 55.3353
323.596 , 56.4832
323.65 , 69.779
327.524 , 62.0498
329.641 , 54.3163
331.681 , 60.01
clusters_139
138.973 , 162.453
139.732 , 165.529
140.487 , 169.396
143.197 , 169.912
clusters_140
26.4705 , 264.719
28.645 , 265.627
30.1619 , 255.164
30.6125 , 255.728
31.535 , 266.713
32.8557 , 264.559
33.5541 , 259.176
36.1133 , 264.944
38.0912 , 264.813
clusters_141
394.542 , 42.2138
397.883 , 36.0012
398.538 , 41.8545
398.607 , 37.8551
399.184 , 39.5492
402.389 , 38.6802
402.67 , 43.2499
402.94 , 40.3658
403.36 , 38.0464
404.33 , 39.491
clusters_142
485.05 , 240.153
490.257 , 236.818
490.816 , 246.684
490.912 , 239.823
490.98 , 245.352
491.803 , 247.083
clusters_143
190.306 , 292.466
191.503 , 291.961
193.31 , 287.023
193.636 , 285.443
195.366 , 283.174
195.679 , 292.608
195.951 , 282.374
196.3 , 283.679
196.694 , 295.099
197.561 , 291.939
199.78 , 284.021
200.277 , 295.009
200.872 , 288.486
201.684 , 286.077
202.463 , 295.019
203.765 , 291.535
204.525 , 296.064
204.831 , 292.866
204.991 , 293.769
clusters_144
470.974 , 34.2853
476.356 , 19.1773
476.729 , 21.9421
476.736 , 24.9423
478.578 , 26.7527
478.95 , 19.9895
479.247 , 23.9653
479.886 , 20.4028
479.968 , 25.3324
480.186 , 22.7493
480.441 , 17.9615
480.742 , 28.866
481.648 , 25.82
481.85 , 38.8085
482.099 , 23.5411
483.113 , 20.8233
483.387 , 25.9873
484.09 , 18.2644
484.259 , 30.6484
484.799 , 21.9417
484.878 , 32.4822
486.251 , 29.9568
487.119 , 32.6649
487.925 , 29.2537
clusters_145
453.912 , 13.1589
454.004 , 12.3334
455.394 , 10.0993
456.053 , 11.696
457.299 , 14.1137
458.16 , 16.4617
458.67 , 19.4466
458.858 , 6.45246
459.633 , 0.531264
459.804 , 3.19992
460.561 , 18.4654
460.838 , 12.5614
464.902 , 10.1496
464.93 , 1.07084
466.419 , 22.775
468.414 , 18.0999
clusters_146
142.392 , 155.539
clusters_147
261.236 , 191.178
262.361 , 195.833
263.886 , 180.428
264.322 , 172.433
264.784 , 189.38
266.194 , 176.532
266.317 , 190.374
267.418 , 186.155
268.287 , 199.3
268.343 , 178.48
268.778 , 185.15
268.97 , 177.171
269.009 , 194.744
270.094 , 199.097
270.34 , 179.083
270.521 , 185.769
271.838 , 191.293
271.999 , 191.305
274.21 , 175.765
275.031 , 192.986
276.899 , 196.887
279.02 , 195.114
279.53 , 189.048
279.678 , 184.578
280.4 , 184.799
280.546 , 191.914
clusters_148
384.519 , 206.023
385.181 , 205.316
385.231 , 219.082
385.881 , 214.251
386.586 , 214.969
388.393 , 212.566
389.557 , 216.147
389.583 , 211.417
389.592 , 216.725
390.074 , 210.425
clusters_149
361.76 , 22.2195
363.732 , 17.8535
364.822 , 7.4726
367.637 , 5.06084
368.083 , 11.4167
368.109 , 5.054
368.828 , 11.5869
372.224 , 6.85902
375.608 , 11.6287
376.19 , 0.228559
377.61 , 9.55041
clusters_150
126.699 , 33.9067
127.489 , 37.5772
128.875 , 36.5189
129.213 , 38.3009
130.743 , 33.5586
131.356 , 37.2871
132.161 , 32.489
132.315 , 33.7951
134.27 , 40.7098
135.957 , 38.2431
clusters_151
72.8105 , 270.227
73.5947 , 267.955
74.1113 , 261.671
75.0212 , 266.73
75.2545 , 269.052
75.5968 , 263.974
75.7119 , 256.043
76.0779 , 259.107
clusters_152
413.443 , 53.9423
415.596 , 54.8781
415.802 , 58.5518
416.229 , 62.0963
416.601 , 60.6776
417.592 , 57.3613
419.178 , 51.2818
clusters_153
152.287 , 156.391
153.284 , 148.717
155.097 , 158.426
155.904 , 155.332
156.729 , 157.774
158.544 , 152.637
159.032 , 157.056
159.593 , 158.688
clusters_154
411.856 , 200.189
416.845 , 197.32
417.318 , 201.123
418.383 , 196.53
418.492 , 205.662
420.036 , 193.364
420.859 , 199.386
422.191 , 194.534
423.006 , 211.499
424.322 , 193.504
425.745 , 200.469
426.276 , 195.292
426.287 , 194.853
426.729 , 209.926
428.403 , 196.026
429.096 , 199.789
434.286 , 201.585
clusters_155
101.149 , 17.0744
106.143 , 18.3251
108.052 , 14.7029
120.435 , 12.7502
121.951 , 20.3878
125.065 , 19.6427
125.271 , 19.7021
125.548 , 0.239732
127.019 , 9.67984
128.478 , 10.4844
128.762 , 8.83903
129.371 , 10.2615
129.497 , 8.16052
129.86 , 8.88122
clusters_156
465.989 , 263.46
466.747 , 260.297
467.618 , 263.918
468.117 , 258.138
469.04 , 257.808
470.505 , 254.588
471.169 , 252.301
471.67 , 263.008
472.8 , 267.347
473.765 , 257.88
474.093 , 255.486
474.51 , 259.566
476.342 , 254.449
476.355 , 253.397
476.833 , 266.442
477.532 , 259.373
478.277 , 251.975
479.007 , 258.444
480.024 , 256.994
clusters_157
367.981 , 203.551
369.322 , 203.882
372.833 , 211.771
372.938 , 221.822
374.441 , 213.207
374.508 , 203.58
374.56 , 213.391
374.637 , 221.04
375.968 , 213.549
376.113 , 216.792
376.12 , 214.278
376.397 , 210.438
377.316 , 206.688
380.276 , 215.61
380.793 , 213.943
clusters_158
59.2851 , 269.641
59.3832 , 273.948
60.5507 , 272.858
60.7259 , 268.645
60.98 , 270.412
63.7751 , 272.662
63.877 , 265.573
64.9633 , 268.083
65.0479 , 274.732
clusters_159
236.918 , 12.4616
237.747 , 9.12436
239.064 , 7.61924
239.445 , 4.87732
241.856 , 7.40436
244.071 , 14.9382
246.704 , 15.8595
246.86 , 9.60187
247.318 , 6.91436
247.379 , 14.0207
247.898 , 7.37009
250.124 , 22.8541
254.997 , 14.6123
256.26 , 16.3745
256.933 , 22.8585
257.931 , 20.8458
258.051 , 1.87009
260.05 , 25.4425
clusters_160
320.023 , 104.214
321.938 , 107.513
322.528 , 100.942
330.805 , 102.047
331.915 , 105.012
334.133 , 106.951
clusters_161
401.193 , 72.3467
404.169 , 76.4966
406.631 , 74.8063
407.06 , 70.2431
409.757 , 74.4345
409.818 , 68.7887
410.45 , 68.065
410.703 , 68.7717
411.459 , 72.2571
412.712 , 69.5858
clusters_162
414.767 , 68.0797
415.64 , 69.3249
415.985 , 65.0457
417.16 , 73.1105
418.171 , 73.1646
419.049 , 65.1143
419.363 , 70.4425
419.98 , 70.3099
420.422 , 68.3839
420.829 , 66.1818
421.531 , 72.7703
421.933 , 70.5686
clusters_163
207.951 , 291.454
209.825 , 295.549
211.208 , 287.436
211.812 , 290.294
212.083 , 290.148
213.592 , 289.265
213.758 , 288.081
214.823 , 284.072
215.585 , 291.984
217.276 , 294.011
218.938 , 287.486
222.865 , 289.759
223.452 , 296.976
224.701 , 293.041
225.125 , 294.853
225.7 , 291.588
clusters_164
51.2173 , 290.861
52.528 , 295.995
57.131 , 296.103
57.2061 , 294.207
58.9576 , 288.888
60.4085 , 295.637
61.0799 , 283.288
67.161 , 301.829
69.5076 , 294.533
clusters_165
296.579 , 102.401
301.364 , 104.596
301.74 , 100.84
302.759 , 103.051
305.177 , 100.299
306.205 , 93.6694
307.625 , 98.1791
310.36 , 95.275
311.01 , 91.9892
311.073 , 97.7415
311.586 , 96.9786
312.445 , 102.123
313.805 , 95.3082
315.752 , 102.865
clusters_166
0.37184 , 208.935
1.04523 , 215.324
1.12452 , 216.371
4.57668 , 207.184
4.77222 , 212.723
5.52664 , 205.213
5.92311 , 203.588
5.97484 , 216.736
6.2841 , 207.245
6.38778 , 207.687
6.74057 , 214.745
clusters_167
276.117 , 83.8389
277.985 , 76.1008
279.17 , 83.7114
280.136 , 88.8603
281.078 , 90.258
281.157 , 82.8704
282.264 , 78.156
282.578 , 83.8065
286.416 , 87.1055
287.065 , 85.9047
clusters_168
230.242 , 285.018
230.611 , 289.945
231.368 , 285.144
233.172 , 285.122
233.436 , 283.471
233.736 , 277.798
234.123 , 297.28
234.384 , 275.894
234.883 , 293.422
238.379 , 283.312
238.938 , 281.888
242.695 , 274.778
242.701 , 294.963
clusters_169
18.8285 , 35.3276
19.3854 , 40.1583
20.4656 , 30.505
22.161 , 44.3654
23.9207 , 35.8938
24.4296 , 41.6883
34.6189 , 41.7993
36.2289 , 34.3455
clusters_170
391.218 , 65.6122
392.767 , 65.6056
396.675 , 58.2297
397.705 , 60.0982
397.828 , 61.3293
clusters_171
198.456 , 21.3995
199.314 , 19.243
199.56 , 22.8392
199.837 , 35.7609
200.272 , 26.272
201.08 , 21.206
202.101 , 22.0114
203.351 , 23.7699
203.815 , 13.3022
203.954 , 18.4912
204.479 , 23.4407
204.917 , 20.0731
205.085 , 30.5517
207.726 , 28.8351
211.018 , 26.706
212.091 , 25.3365
215.285 , 23.5797
clusters_172
132.813 , 6.82344
132.872 , 9.95343
133.397 , 10.3148
134.678 , 8.34875
134.932 , 9.05444
135.15 , 8.10868
136.786 , 1.05015
139.011 , 9.37074
139.067 , 7.6391
139.493 , 1.63575
141.254 , 3.08677
141.905 , 4.59203
142.319 , 3.98029
142.779 , 2.50652
143.366 , 2.89161
144.672 , 9.17483
145.588 , 8.96103
147.951 , 7.18427
clusters_173
62.3548 , 180.98
62.9154 , 178.831
64.1526 , 177.888
65.2948 , 182.642
65.5501 , 178.341
66.0428 , 181.237
68.1622 , 178.121
clusters_174
27.0159 , 273.326
27.9535 , 275.111
28.5346 , 273
34.1168 , 278.26
36.0647 , 276.659
37.2505 , 282.178
39.0086 , 270.161
39.9116 , 275.317
clusters_175
297.569 , 67.7938
299.156 , 68.7821
299.491 , 69.4887
299.718 , 68.5493
300.686 , 72.5245
304.035 , 75.6805
304.619 , 68.838
304.689 , 74.8613
306.221 , 69.9046
307.42 , 72.2642
307.719 , 60.7106
307.765 , 69.728
308.691 , 64.638
309.219 , 66.4521
309.775 , 70.3156
309.819 , 74.3745
311.306 , 71.9785
311.495 , 66.75
clusters_176
316.109 , 89.597
320.748 , 91.683
321.064 , 97.7465
322.246 , 95.7502
324.76 , 88.5558
325.073 , 95.4491
328.124 , 93.1175
328.772 , 91.2057
328.975 , 97.2072
clusters_177
63.3255 , 253.074
63.5043 , 245.96
63.7281 , 249.985
64.5808 , 245.568
64.6104 , 254.34
67.2361 , 257.941
67.6223 , 256.141
67.8755 , 251.366
68.0656 , 254.286
70.8028 , 251.825
70.9804 , 249.336
72.1627 , 254.21
73.8811 , 251.402
clusters_178
52.0493 , 256.052
54.2534 , 249.042
55.1087 , 245.785
56.1857 , 258.697
56.3655 , 251.929
57.0671 , 258.135
61.0877 , 259.648
clusters_179
474.427 , 88.4097
478.02 , 87.7277
478.526 , 114.769
479.826 , 99.5629
482.117 , 112.794
484.018 , 91.6615
484.182 , 117.806
485.53 , 108.527
486.783 , 84.8929
488.653 , 114.136
489.128 , 103.81
489.355 , 108.269
490.005 , 113.137
490.638 , 117.497
491.874 , 108.893
clusters_180
195.235 , 101.911
198.196 , 101.272
200.516 , 103.582
202.52 , 100.305
203.337 , 102.657
203.421 , 99.9182
204.607 , 97.7693
206.009 , 95.7002
206.334 , 104.749
207.3 , 99.2121
209.396 , 100.198
210.096 , 98.0479
clusters_181
424.713 , 65.0413
424.925 , 61.9776
425.073 , 65.3907
426.917 , 60.7603
427.236 , 58.0326
428.796 , 67.2288
430.976 , 73.7621
433.619 , 66.8888
clusters_182
146.047 , 37.5761
146.607 , 35.0895
147.439 , 41.8108
147.447 , 38.5719
147.512 , 36.87
148.602 , 46.9277
148.672 , 40.631
150.322 , 50.8961
151.319 , 36.2565
152.29 , 45.0542
152.345 , 37.5264
clusters_183
10.636 , 214.958
10.7979 , 207.04
10.9466 , 214.614
11.0271 , 207.291
12.0145 , 211.96
12.2418 , 209.132
12.5713 , 210.492
13.337 , 204.765
13.3431 , 214.408
13.3883 , 204.62
14.102 , 215.723
14.4555 , 206.379
15.5457 , 208.929
17.1207 , 210.15
18.5357 , 215.004
19.9726 , 213.328
20.8087 , 220.973
clusters_184
427.398 , 11.8191
428.703 , 25.2049
430.875 , 18.9879
431.484 , 11.6954
436.994 , 26.062
clusters_185
10.9083 , 219.359
12.6331 , 220.724
2.13061 , 222.624
3.38352 , 231.762
5.03646 , 218.484
5.28658 , 222.101
5.37973 , 225.583
6.04143 , 230.243
clusters_186
53.7319 , 129.995
54.6137 , 130.887
54.9128 , 122.569
57.7376 , 113.473
58.5383 , 126.893
59.1357 , 122.463
60.5791 , 123.769
61.0837 , 130.349
62.5794 , 125.734
62.7932 , 130.123
63.4783 , 124.097
63.9013 , 123.874
64.0645 , 131.617
65.4081 , 117.178
65.5718 , 125.343
66.9656 , 129.29
67.462 , 117.347
67.8827 , 129.861
68.0653 , 120.986
69.0994 , 116.283
73.3099 , 132.088
74.3948 , 122.959
75.271 , 124.401
75.4076 , 115.597
clusters_187
137.636 , 33.4401
139.669 , 31.5994
140.383 , 28.683
142.225 , 32.2937
142.321 , 25.8513
142.66 , 33.9026
143.928 , 29.4211
clusters_188
61.9435 , 6.50452
67.7778 , 30.5583
68.9388 , 33.5451
71.956 , 17.3445
73.0359 , 19.706
74.672 , 23.5655
75.395 , 29.6118
75.6342 , 12.0496
clusters_189
21.658 , 291.751
23.3623 , 285.951
23.7872 , 289.136
24.5868 , 295.885
24.9057 , 286.048
25.3564 , 282.256
30.9205 , 288.648
clusters_190
401.77 , 66.3409
401.834 , 68.5297
402.052 , 65.4639
407.525 , 63.718
407.845 , 62.5661
408.086 , 65.8079
408.101 , 62.9215
409.406 , 59.0088
409.654 , 64.0102
412.756 , 63.5008
clusters_191
43.4489 , 282.338
45.071 , 282.169
45.1966 , 282.994
46.412 , 285.632
47.5006 , 277.004
47.9991 , 272.218
48.7599 , 275.952
48.8865 , 285.744
49.589 , 274.466
50.4209 , 279.328
50.4431 , 269.599
51.2387 , 283.165
51.4248 , 284.9
51.8896 , 275.529
52.9509 , 276.19
53.1981 , 277.184
53.7503 , 286.194
54.7083 , 282.818
55.5294 , 281.047
clusters_192
279.855 , 95.5008
280.408 , 100.11
280.902 , 95.3771
285.282 , 95.0835
285.516 , 92.3032
286.867 , 97.9592
288.581 , 101.038
clusters_193
485.143 , 250.373
485.29 , 255.681
485.468 , 253.462
486.227 , 250.304
489.195 , 257.24
489.628 , 250.845
493.3 , 252.883
495.901 , 254.91
495.935 , 254.219
clusters_194
370.883 , 233.954
377.531 , 228.463
378.691 , 232.472
379.612 , 230.174
380.377 , 224.013
382.29 , 231.044
382.998 , 226.594
384.606 , 223.711
385.308 , 231.224
386.107 , 220.885
387.196 , 225.672
388.583 , 223.363
389.545 , 234.207
394.287 , 221.617
396.083 , 233.008
400.437 , 232.069
clusters_195
360.834 , 50.3187
361.416 , 51.2933
362.678 , 47.2005
362.769 , 50.1646
365.747 , 48.203
366.479 , 52.496
368.038 , 48.1054
371.194 , 51.919
371.529 , 47.4388
372.358 , 44.2675
372.894 , 48.9138
373.396 , 46.0946
clusters_196
384.733 , 287.987
386.261 , 276.163
391.953 , 290.33
393.996 , 292.133
394.198 , 281.351
395.229 , 277.182
395.404 , 274.644
396.177 , 284.26
396.39 , 286.281
398.725 , 273.812
399.344 , 286.288
399.931 , 282.228
400.597 , 281.792
402.77 , 290.285
402.869 , 282.344
404.472 , 283.845
404.858 , 286.426
clusters_197
192.355 , 86.2745
193.447 , 84.5282
193.465 , 89.594
193.548 , 86.6404
193.868 , 96.0498
194.573 , 93.9761
194.732 , 87.3969
195.456 , 92.3443
195.502 , 92.4672
195.7 , 84.4059
196.25 , 90.7362
197.021 , 87.8298
199.176 , 90.2365
199.245 , 85.0764
199.37 , 93.4128
200.097 , 87.9472
200.954 , 88.268
202.952 , 91.7842
205.552 , 90.4472
210.306 , 85.9008
210.802 , 84.4644
clusters_198
382.111 , 54.5496
385.967 , 59.0089
386.418 , 57.4038
388.671 , 54.6474
388.796 , 61.8507
390.814 , 60.2862
clusters_199
150.895 , 168.362
153.155 , 163.602
153.181 , 169.287
155.069 , 161.392
155.515 , 162.027
156.909 , 168.31
159.047 , 164.081
